0.00000000000000000000000000000000
0.00000000000000000000000000000000
0.00000000000000000000000000000000
0.00000000000000000000000000000000
0.00000000000000000000000000000000
0.00000000000000000000000000000000
0.00000000000000000000000000000000
0.00000000000000000000000000000000
0.00000000000000000000000000000000
0.00000000000000000000000000000000
0.00000000000000000000000000000000
0.00000000000000000000000000000000
0.00000000000000000000000000000000
0.00000000000000000000000000000000
0.00000000000000000000000000000000
0.00000000000000000000000000000000
0.00000000000000000000000000000000
0.00000000000000000000000000000000
0.00000000000000000000000000000000
0.00000000000000000000000000000000
0.00000000000000000000000000000000
0.00000000000000000000000000000000
0.00000000000000000000000000000000
0.00000000000000000000000000000000
0.00000000000000000000000000000000
0.00000000000000000000000000000000
0.00000000000000000000000000000000
0.00000000000000000000000000000000
0.00000000000000000000000000000000
0.00000000000000000000000000000000
0.00000000000000000000000000000000
0.00000000000000000000000000000000
0.00000000000000000000000000000000
0.00000000000000000000000000000000
0.00000000000000000000000000000000
0.00000000000000000000000000000000
0.00000000000000000000000000000000
0.00000000000000000000000000000000
0.00000000000000000000000000000000
0.00000000000000000000000000000000
0.00000000000000000000000000000000
0.00000000000000000000000000000000
0.00000000000000000000000000000000
0.00000000000000000000000000000000
0.00000000000000000000000000000000
0.00000000000000000000000000000000
0.00000000000000000000000000000000
0.00000000000000000000000000000000
0.00000000000000000000000000000000
0.00000000000000000000000000000000
0.00000000000000000000000000000000
0.00000000000000000000000000000000
0.00000000000000000000000000000000
0.00000000000000000000000000000000
0.00000000000000000000000000000000
0.00000000000000000000000000000000
0.00000000000000000000000000000000
0.00000000000000000000000000000000
0.00000000000000000000000000000000
0.00000000000000000000000000000000
0.00000000000000000000000000000000
0.00000000000000000000000000000000
0.00000000000000000000000000000000
0.00000000000000000000000000000000
0.00000000000000000000000000000000
0.00000000000000000000000000000000
0.00000000000000000000000000000000
0.00000000000000000000000000000000
0.00000000000000000000000000000000
0.00000000000000000000000000000000
0.00000000000000000000000000000000
0.00000000000000000000000000000000
0.00000000000000000000000000000000
0.00000000000000000000000000000000
0.00000000000000000000000000000000
0.00000000000000000000000000000000
0.00000000000000000000000000000000
0.00000000000000000000000000000000
0.00000000000000000000000000000000
0.00000000000000000000000000000000
0.00000000000000000000000000000000
0.00000000000000000000000000000000
0.00000000000000000000000000000000
0.00000000000000000000000000000000
0.00000000000000000000000000000000
0.00000000000000000000000000000000
0.00000000000000000000000000000000
0.00000000000000000000000000000000
0.00000000000000000000000000000000
0.00000000000000000000000000000000
0.00000000000000000000000000000000
0.00000000000000000000000000000000
0.00000000000000000000000000000000
0.00000000000000000000000000000000
0.00000000000000000000000000000000
0.00000000000000000000000000000000
0.00000000000000000000000000000000
0.00000000000000000000000000000000
0.00000000000000000000000000000000
0.00000000000000000000000000000000
0.00000000000000000000000000000000
0.00000000000000000000000000000000
0.00000000000000000000000000000000
0.00000000000000000000000000000000
0.00000000000000000000000000000000
0.00000000000000000000000000000000
0.00000000000000000000000000000000
0.00000000000000000000000000000000
0.00000000000000000000000000000000
0.00000000000000000000000000000000
0.00000000000000000000000000000000
0.00000000000000000000000000000000
0.00000000000000000000000000000000
0.00000000000000000000000000000000
0.00000000000000000000000000000000
0.00000000000000000000000000000000
0.00000000000000000000000000000000
0.00000000000000000000000000000000
0.00000000000000000000000000000000
0.00000000000000000000000000000000
0.00000000000000000000000000000000
0.00000000000000000000000000000000
0.00000000000000000000000000000000
0.00000000000000000000000000000000
0.00000000000000000000000000000000
0.00000000000000000000000000000000
0.00000000000000000000000000000000
0.20000000000000001110223024625157
0.62352941176470588757752011588309
0.99215686274509806708010728470981
0.62352941176470588757752011588309
0.19607843137254901688670827297756
0.00000000000000000000000000000000
0.00000000000000000000000000000000
0.00000000000000000000000000000000
0.00000000000000000000000000000000
0.00000000000000000000000000000000
0.00000000000000000000000000000000
0.00000000000000000000000000000000
0.00000000000000000000000000000000
0.00000000000000000000000000000000
0.00000000000000000000000000000000
0.00000000000000000000000000000000
0.00000000000000000000000000000000
0.00000000000000000000000000000000
0.00000000000000000000000000000000
0.00000000000000000000000000000000
0.00000000000000000000000000000000
0.00000000000000000000000000000000
0.00000000000000000000000000000000
0.00000000000000000000000000000000
0.00000000000000000000000000000000
0.00000000000000000000000000000000
0.00000000000000000000000000000000
0.18823529411764705621123994205846
0.93333333333333334813630699500209
0.98823529411764710062016092706472
0.98823529411764710062016092706472
0.98823529411764710062016092706472
0.92941176470588238167636063735699
0.00000000000000000000000000000000
0.00000000000000000000000000000000
0.00000000000000000000000000000000
0.00000000000000000000000000000000
0.00000000000000000000000000000000
0.00000000000000000000000000000000
0.00000000000000000000000000000000
0.00000000000000000000000000000000
0.00000000000000000000000000000000
0.00000000000000000000000000000000
0.00000000000000000000000000000000
0.00000000000000000000000000000000
0.00000000000000000000000000000000
0.00000000000000000000000000000000
0.00000000000000000000000000000000
0.00000000000000000000000000000000
0.00000000000000000000000000000000
0.00000000000000000000000000000000
0.00000000000000000000000000000000
0.00000000000000000000000000000000
0.00000000000000000000000000000000
0.21176470588235293823764493481576
0.89019607843137249503229213587474
0.99215686274509806708010728470981
0.98823529411764710062016092706472
0.93725490196078431459625335264718
0.91372549019607840481427274426096
0.98823529411764710062016092706472
0.22352941176470589312863523900887
0.02352941176470588202640499275731
0.00000000000000000000000000000000
0.00000000000000000000000000000000
0.00000000000000000000000000000000
0.00000000000000000000000000000000
0.00000000000000000000000000000000
0.00000000000000000000000000000000
0.00000000000000000000000000000000
0.00000000000000000000000000000000
0.00000000000000000000000000000000
0.00000000000000000000000000000000
0.00000000000000000000000000000000
0.00000000000000000000000000000000
0.00000000000000000000000000000000
0.00000000000000000000000000000000
0.00000000000000000000000000000000
0.00000000000000000000000000000000
0.00000000000000000000000000000000
0.03921568627450980337734165459551
0.23529411764705882026404992757307
0.87843137254901959565245306293946
0.98823529411764710062016092706472
0.99215686274509806708010728470981
0.98823529411764710062016092706472
0.79215686274509800046672580720042
0.32941176470588234836966989860230
0.98823529411764710062016092706472
0.99215686274509806708010728470981
0.47843137254901962895914380169415
0.00000000000000000000000000000000
0.00000000000000000000000000000000
0.00000000000000000000000000000000
0.00000000000000000000000000000000
0.00000000000000000000000000000000
0.00000000000000000000000000000000
0.00000000000000000000000000000000
0.00000000000000000000000000000000
0.00000000000000000000000000000000
0.00000000000000000000000000000000
0.00000000000000000000000000000000
0.00000000000000000000000000000000
0.00000000000000000000000000000000
0.00000000000000000000000000000000
0.00000000000000000000000000000000
0.00000000000000000000000000000000
0.00000000000000000000000000000000
0.63921568627450975341730554646347
0.98823529411764710062016092706472
0.98823529411764710062016092706472
0.98823529411764710062016092706472
0.99215686274509806708010728470981
0.98823529411764710062016092706472
0.98823529411764710062016092706472
0.37647058823529411242247988411691
0.74117647058823532546512069529854
0.99215686274509806708010728470981
0.65490196078431373027939343955950
0.00000000000000000000000000000000
0.00000000000000000000000000000000
0.00000000000000000000000000000000
0.00000000000000000000000000000000
0.00000000000000000000000000000000
0.00000000000000000000000000000000
0.00000000000000000000000000000000
0.00000000000000000000000000000000
0.00000000000000000000000000000000
0.00000000000000000000000000000000
0.00000000000000000000000000000000
0.00000000000000000000000000000000
0.00000000000000000000000000000000
0.00000000000000000000000000000000
0.00000000000000000000000000000000
0.00000000000000000000000000000000
0.20000000000000001110223024625157
0.93333333333333334813630699500209
0.99215686274509806708010728470981
0.99215686274509806708010728470981
0.74509803921568629192506705294363
0.44705882352941178625727047801774
0.99215686274509806708010728470981
0.89411764705882357251454095603549
0.18431372549019608975129358441336
0.30980392156862746055878687911900
1.00000000000000000000000000000000
0.65882352941176469673933979720459
0.00000000000000000000000000000000
0.00000000000000000000000000000000
0.00000000000000000000000000000000
0.00000000000000000000000000000000
0.00000000000000000000000000000000
0.00000000000000000000000000000000
0.00000000000000000000000000000000
0.00000000000000000000000000000000
0.00000000000000000000000000000000
0.00000000000000000000000000000000
0.00000000000000000000000000000000
0.00000000000000000000000000000000
0.00000000000000000000000000000000
0.00000000000000000000000000000000
0.00000000000000000000000000000000
0.18823529411764705621123994205846
0.93333333333333334813630699500209
0.98823529411764710062016092706472
0.98823529411764710062016092706472
0.70196078431372543882105219381629
0.04705882352941176405280998551461
0.29411764705882353920785021728079
0.47450980392156860698804621279123
0.08235294117647058709241747465057
0.00000000000000000000000000000000
0.00000000000000000000000000000000
0.99215686274509806708010728470981
0.95294117647058818043603878322756
0.19607843137254901688670827297756
0.00000000000000000000000000000000
0.00000000000000000000000000000000
0.00000000000000000000000000000000
0.00000000000000000000000000000000
0.00000000000000000000000000000000
0.00000000000000000000000000000000
0.00000000000000000000000000000000
0.00000000000000000000000000000000
0.00000000000000000000000000000000
0.00000000000000000000000000000000
0.00000000000000000000000000000000
0.00000000000000000000000000000000
0.00000000000000000000000000000000
0.14901960784313725283389828746294
0.64705882352941179735950072426931
0.99215686274509806708010728470981
0.91372549019607840481427274426096
0.81568627450980391024870641558664
0.32941176470588234836966989860230
0.00000000000000000000000000000000
0.00000000000000000000000000000000
0.00000000000000000000000000000000
0.00000000000000000000000000000000
0.00000000000000000000000000000000
0.00000000000000000000000000000000
0.99215686274509806708010728470981
0.98823529411764710062016092706472
0.64705882352941179735950072426931
0.00000000000000000000000000000000
0.00000000000000000000000000000000
0.00000000000000000000000000000000
0.00000000000000000000000000000000
0.00000000000000000000000000000000
0.00000000000000000000000000000000
0.00000000000000000000000000000000
0.00000000000000000000000000000000
0.00000000000000000000000000000000
0.00000000000000000000000000000000
0.00000000000000000000000000000000
0.00000000000000000000000000000000
0.02745098039215686236413915821686
0.69803921568627447236110583617119
0.98823529411764710062016092706472
0.94117647058823528105619971029228
0.27843137254901961785691355544259
0.07450980392156862641694914373147
0.10980392156862744945655663286743
0.00000000000000000000000000000000
0.00000000000000000000000000000000
0.00000000000000000000000000000000
0.00000000000000000000000000000000
0.00000000000000000000000000000000
0.00000000000000000000000000000000
0.99215686274509806708010728470981
0.98823529411764710062016092706472
0.76470588235294112422479884116910
0.00000000000000000000000000000000
0.00000000000000000000000000000000
0.00000000000000000000000000000000
0.00000000000000000000000000000000
0.00000000000000000000000000000000
0.00000000000000000000000000000000
0.00000000000000000000000000000000
0.00000000000000000000000000000000
0.00000000000000000000000000000000
0.00000000000000000000000000000000
0.00000000000000000000000000000000
0.00000000000000000000000000000000
0.22352941176470589312863523900887
0.98823529411764710062016092706472
0.98823529411764710062016092706472
0.24705882352941177515504023176618
0.00000000000000000000000000000000
0.00000000000000000000000000000000
0.00000000000000000000000000000000
0.00000000000000000000000000000000
0.00000000000000000000000000000000
0.00000000000000000000000000000000
0.00000000000000000000000000000000
0.00000000000000000000000000000000
0.00000000000000000000000000000000
0.99215686274509806708010728470981
0.98823529411764710062016092706472
0.76470588235294112422479884116910
0.00000000000000000000000000000000
0.00000000000000000000000000000000
0.00000000000000000000000000000000
0.00000000000000000000000000000000
0.00000000000000000000000000000000
0.00000000000000000000000000000000
0.00000000000000000000000000000000
0.00000000000000000000000000000000
0.00000000000000000000000000000000
0.00000000000000000000000000000000
0.00000000000000000000000000000000
0.00000000000000000000000000000000
0.77647058823529413462694037662004
0.99215686274509806708010728470981
0.74509803921568629192506705294363
0.00000000000000000000000000000000
0.00000000000000000000000000000000
0.00000000000000000000000000000000
0.00000000000000000000000000000000
0.00000000000000000000000000000000
0.00000000000000000000000000000000
0.00000000000000000000000000000000
0.00000000000000000000000000000000
0.00000000000000000000000000000000
0.00000000000000000000000000000000
1.00000000000000000000000000000000
0.99215686274509806708010728470981
0.76862745098039220170704766132985
0.00000000000000000000000000000000
0.00000000000000000000000000000000
0.00000000000000000000000000000000
0.00000000000000000000000000000000
0.00000000000000000000000000000000
0.00000000000000000000000000000000
0.00000000000000000000000000000000
0.00000000000000000000000000000000
0.00000000000000000000000000000000
0.00000000000000000000000000000000
0.00000000000000000000000000000000
0.29803921568627450566779657492589
0.96470588235294119083818031867850
0.98823529411764710062016092706472
0.43921568627450979782622653146973
0.00000000000000000000000000000000
0.00000000000000000000000000000000
0.00000000000000000000000000000000
0.00000000000000000000000000000000
0.00000000000000000000000000000000
0.00000000000000000000000000000000
0.00000000000000000000000000000000
0.00000000000000000000000000000000
0.00000000000000000000000000000000
0.00000000000000000000000000000000
0.99215686274509806708010728470981
0.98823529411764710062016092706472
0.58039215686274514549580771927140
0.00000000000000000000000000000000
0.00000000000000000000000000000000
0.00000000000000000000000000000000
0.00000000000000000000000000000000
0.00000000000000000000000000000000
0.00000000000000000000000000000000
0.00000000000000000000000000000000
0.00000000000000000000000000000000
0.00000000000000000000000000000000
0.00000000000000000000000000000000
0.00000000000000000000000000000000
0.33333333333333331482961625624739
0.98823529411764710062016092706472
0.90196078431372550543443367132568
0.09803921568627450844335413648878
0.00000000000000000000000000000000
0.00000000000000000000000000000000
0.00000000000000000000000000000000
0.00000000000000000000000000000000
0.00000000000000000000000000000000
0.00000000000000000000000000000000
0.00000000000000000000000000000000
0.00000000000000000000000000000000
0.02745098039215686236413915821686
0.52941176470588235947190014485386
0.99215686274509806708010728470981
0.72941176470588231506297915984760
0.04705882352941176405280998551461
0.00000000000000000000000000000000
0.00000000000000000000000000000000
0.00000000000000000000000000000000
0.00000000000000000000000000000000
0.00000000000000000000000000000000
0.00000000000000000000000000000000
0.00000000000000000000000000000000
0.00000000000000000000000000000000
0.00000000000000000000000000000000
0.00000000000000000000000000000000
0.00000000000000000000000000000000
0.33333333333333331482961625624739
0.98823529411764710062016092706472
0.87450980392156862919250670529436
0.00000000000000000000000000000000
0.00000000000000000000000000000000
0.00000000000000000000000000000000
0.00000000000000000000000000000000
0.00000000000000000000000000000000
0.00000000000000000000000000000000
0.00000000000000000000000000000000
0.00000000000000000000000000000000
0.02745098039215686236413915821686
0.51372549019607838260981225175783
0.98823529411764710062016092706472
0.88235294117647056211239942058455
0.27843137254901961785691355544259
0.00000000000000000000000000000000
0.00000000000000000000000000000000
0.00000000000000000000000000000000
0.00000000000000000000000000000000
0.00000000000000000000000000000000
0.00000000000000000000000000000000
0.00000000000000000000000000000000
0.00000000000000000000000000000000
0.00000000000000000000000000000000
0.00000000000000000000000000000000
0.00000000000000000000000000000000
0.00000000000000000000000000000000
0.33333333333333331482961625624739
0.98823529411764710062016092706472
0.56862745098039213509366618382046
0.00000000000000000000000000000000
0.00000000000000000000000000000000
0.00000000000000000000000000000000
0.00000000000000000000000000000000
0.00000000000000000000000000000000
0.00000000000000000000000000000000
0.00000000000000000000000000000000
0.18823529411764705621123994205846
0.64705882352941179735950072426931
0.98823529411764710062016092706472
0.67843137254901964006137404794572
0.00000000000000000000000000000000
0.00000000000000000000000000000000
0.00000000000000000000000000000000
0.00000000000000000000000000000000
0.00000000000000000000000000000000
0.00000000000000000000000000000000
0.00000000000000000000000000000000
0.00000000000000000000000000000000
0.00000000000000000000000000000000
0.00000000000000000000000000000000
0.00000000000000000000000000000000
0.00000000000000000000000000000000
0.00000000000000000000000000000000
0.00000000000000000000000000000000
0.33725490196078433680071384515031
0.99215686274509806708010728470981
0.88235294117647056211239942058455
0.00000000000000000000000000000000
0.00000000000000000000000000000000
0.00000000000000000000000000000000
0.00000000000000000000000000000000
0.00000000000000000000000000000000
0.00000000000000000000000000000000
0.44705882352941178625727047801774
0.93333333333333334813630699500209
0.99215686274509806708010728470981
0.63529411764705878695735918881837
0.00000000000000000000000000000000
0.00000000000000000000000000000000
0.00000000000000000000000000000000
0.00000000000000000000000000000000
0.00000000000000000000000000000000
0.00000000000000000000000000000000
0.00000000000000000000000000000000
0.00000000000000000000000000000000
0.00000000000000000000000000000000
0.00000000000000000000000000000000
0.00000000000000000000000000000000
0.00000000000000000000000000000000
0.00000000000000000000000000000000
0.00000000000000000000000000000000
0.00000000000000000000000000000000
0.33333333333333331482961625624739
0.98823529411764710062016092706472
0.97647058823529409021801939161378
0.57254901960784310155361254146555
0.18823529411764705621123994205846
0.11372549019607842979429079832698
0.33333333333333331482961625624739
0.69803921568627447236110583617119
0.88235294117647056211239942058455
0.99215686274509806708010728470981
0.87450980392156862919250670529436
0.65490196078431373027939343955950
0.21960784313725489891311326573486
0.00000000000000000000000000000000
0.00000000000000000000000000000000
0.00000000000000000000000000000000
0.00000000000000000000000000000000
0.00000000000000000000000000000000
0.00000000000000000000000000000000
0.00000000000000000000000000000000
0.00000000000000000000000000000000
0.00000000000000000000000000000000
0.00000000000000000000000000000000
0.00000000000000000000000000000000
0.00000000000000000000000000000000
0.00000000000000000000000000000000
0.00000000000000000000000000000000
0.00000000000000000000000000000000
0.33333333333333331482961625624739
0.98823529411764710062016092706472
0.98823529411764710062016092706472
0.98823529411764710062016092706472
0.89803921568627453897448731368058
0.84313725490196078649063338161795
0.98823529411764710062016092706472
0.98823529411764710062016092706472
0.98823529411764710062016092706472
0.76862745098039220170704766132985
0.50980392156862741614986589411274
0.00000000000000000000000000000000
0.00000000000000000000000000000000
0.00000000000000000000000000000000
0.00000000000000000000000000000000
0.00000000000000000000000000000000
0.00000000000000000000000000000000
0.00000000000000000000000000000000
0.00000000000000000000000000000000
0.00000000000000000000000000000000
0.00000000000000000000000000000000
0.00000000000000000000000000000000
0.00000000000000000000000000000000
0.00000000000000000000000000000000
0.00000000000000000000000000000000
0.00000000000000000000000000000000
0.00000000000000000000000000000000
0.00000000000000000000000000000000
0.10980392156862744945655663286743
0.78039215686274510108688673426514
0.98823529411764710062016092706472
0.98823529411764710062016092706472
0.99215686274509806708010728470981
0.98823529411764710062016092706472
0.98823529411764710062016092706472
0.91372549019607840481427274426096
0.56862745098039213509366618382046
0.00000000000000000000000000000000
0.00000000000000000000000000000000
0.00000000000000000000000000000000
0.00000000000000000000000000000000
0.00000000000000000000000000000000
0.00000000000000000000000000000000
0.00000000000000000000000000000000
0.00000000000000000000000000000000
0.00000000000000000000000000000000
0.00000000000000000000000000000000
0.00000000000000000000000000000000
0.00000000000000000000000000000000
0.00000000000000000000000000000000
0.00000000000000000000000000000000
0.00000000000000000000000000000000
0.00000000000000000000000000000000
0.00000000000000000000000000000000
0.00000000000000000000000000000000
0.00000000000000000000000000000000
0.00000000000000000000000000000000
0.09803921568627450844335413648878
0.50196078431372548322997317882255
0.98823529411764710062016092706472
0.99215686274509806708010728470981
0.98823529411764710062016092706472
0.55294117647058826925388075324008
0.14509803921568628637395192981785
0.00000000000000000000000000000000
0.00000000000000000000000000000000
0.00000000000000000000000000000000
0.00000000000000000000000000000000
0.00000000000000000000000000000000
0.00000000000000000000000000000000
0.00000000000000000000000000000000
0.00000000000000000000000000000000
0.00000000000000000000000000000000
0.00000000000000000000000000000000
0.00000000000000000000000000000000
0.00000000000000000000000000000000
0.00000000000000000000000000000000
0.00000000000000000000000000000000
0.00000000000000000000000000000000
0.00000000000000000000000000000000
0.00000000000000000000000000000000
0.00000000000000000000000000000000
0.00000000000000000000000000000000
0.00000000000000000000000000000000
0.00000000000000000000000000000000
0.00000000000000000000000000000000
0.00000000000000000000000000000000
0.00000000000000000000000000000000
0.00000000000000000000000000000000
0.00000000000000000000000000000000
0.00000000000000000000000000000000
0.00000000000000000000000000000000
0.00000000000000000000000000000000
0.00000000000000000000000000000000
0.00000000000000000000000000000000
0.00000000000000000000000000000000
0.00000000000000000000000000000000
0.00000000000000000000000000000000
0.00000000000000000000000000000000
0.00000000000000000000000000000000
0.00000000000000000000000000000000
0.00000000000000000000000000000000
0.00000000000000000000000000000000
0.00000000000000000000000000000000
0.00000000000000000000000000000000
0.00000000000000000000000000000000
0.00000000000000000000000000000000
0.00000000000000000000000000000000
0.00000000000000000000000000000000
0.00000000000000000000000000000000
0.00000000000000000000000000000000
0.00000000000000000000000000000000
0.00000000000000000000000000000000
0.00000000000000000000000000000000
0.00000000000000000000000000000000
0.00000000000000000000000000000000
0.00000000000000000000000000000000
0.00000000000000000000000000000000
0.00000000000000000000000000000000
0.00000000000000000000000000000000
0.00000000000000000000000000000000
0.00000000000000000000000000000000
0.00000000000000000000000000000000
0.00000000000000000000000000000000
0.00000000000000000000000000000000
0.00000000000000000000000000000000
0.00000000000000000000000000000000
0.00000000000000000000000000000000
0.00000000000000000000000000000000
0.00000000000000000000000000000000
0.00000000000000000000000000000000
0.00000000000000000000000000000000
0.00000000000000000000000000000000
0.00000000000000000000000000000000
0.00000000000000000000000000000000
0.00000000000000000000000000000000
0.00000000000000000000000000000000
0.00000000000000000000000000000000
0.00000000000000000000000000000000
0.00000000000000000000000000000000
0.00000000000000000000000000000000
0.00000000000000000000000000000000
0.00000000000000000000000000000000
0.00000000000000000000000000000000
0.00000000000000000000000000000000
0.00000000000000000000000000000000
0.00000000000000000000000000000000
0.00000000000000000000000000000000
0.00000000000000000000000000000000
0.00000000000000000000000000000000
0.00000000000000000000000000000000
0.00000000000000000000000000000000
0.00000000000000000000000000000000
0.00000000000000000000000000000000
0.00000000000000000000000000000000
0.00000000000000000000000000000000
0.00000000000000000000000000000000
0.00000000000000000000000000000000
0.00000000000000000000000000000000
0.00000000000000000000000000000000
0.00000000000000000000000000000000
0.00000000000000000000000000000000
0.00000000000000000000000000000000
0.00000000000000000000000000000000
0.00000000000000000000000000000000
0.00000000000000000000000000000000
0.00000000000000000000000000000000
0.00000000000000000000000000000000
0.00000000000000000000000000000000
0.00000000000000000000000000000000
0.00000000000000000000000000000000
0.00000000000000000000000000000000
0.00000000000000000000000000000000
0.00000000000000000000000000000000
0.00000000000000000000000000000000
0.00000000000000000000000000000000
0.00000000000000000000000000000000
0.00000000000000000000000000000000
0.00000000000000000000000000000000
0.00000000000000000000000000000000
0.00000000000000000000000000000000
0.00000000000000000000000000000000
0.00000000000000000000000000000000
0.00000000000000000000000000000000
0.00000000000000000000000000000000
0.00000000000000000000000000000000
0.00000000000000000000000000000000
0.00000000000000000000000000000000
0.00000000000000000000000000000000
0.00000000000000000000000000000000
